Size: 758
0.000000000000000000e0
-4.697844502650008280e1
0.000000000000000000e0
0.000000000000000000e0
0.000000000000000000e0
0.000000000000000000e0
0.000000000000000000e0
-4.697844502650008280e1
0.000000000000000000e0
-4.697844502650008991e1
0.000000000000000000e0
-8.116398280981414359e1
0.000000000000000000e0
-9.069334679319773329e1
0.000000000000000000e0
-4.697844502650008280e1
0.000000000000000000e0
-6.949172127365650908e1
0.000000000000000000e0
-8.132720589737563444e1
0.000000000000000000e0
-8.331183246542860843e1
0.000000000000000000e0
-8.180360358271349241e1
0.000000000000000000e0
-1.009175416848379285e2
0.000000000000000000e0
-6.583116315695333753e1
0.000000000000000000e0
-8.027395091558291540e1
0.000000000000000000e0
-7.653567608299773894e1
0.000000000000000000e0
-7.660124379578105902e1
0.000000000000000000e0
-7.898324829652426615e1
0.000000000000000000e0
-8.131339125580559823e1
0.000000000000000000e0
-8.133143088962188472e1
0.000000000000000000e0
-8.088244677138041538e1
0.000000000000000000e0
-8.331696357604472780e1
0.000000000000000000e0
-8.374064035583002408e1
0.000000000000000000e0
-8.450927888639994023e1
0.000000000000000000e0
-9.302067253040978301e1
0.000000000000000000e0
-9.085743064443884975e1
0.000000000000000000e0
-7.020381398755512237e1
0.000000000000000000e0
0.000000000000000000e0
0.000000000000000000e0
0.000000000000000000e0
0.000000000000000000e0
0.000000000000000000e0
0.000000000000000000e0
0.000000000000000000e0
0.000000000000000000e0
0.000000000000000000e0
0.000000000000000000e0
0.000000000000000000e0
0.000000000000000000e0
0.000000000000000000e0
0.000000000000000000e0
0.000000000000000000e0
0.000000000000000000e0
0.000000000000000000e0
0.000000000000000000e0
0.000000000000000000e0
0.000000000000000000e0
0.000000000000000000e0
0.000000000000000000e0
0.000000000000000000e0
0.000000000000000000e0
0.000000000000000000e0
0.000000000000000000e0
0.000000000000000000e0
0.000000000000000000e0
0.000000000000000000e0
0.000000000000000000e0
0.000000000000000000e0
0.000000000000000000e0
0.000000000000000000e0
0.000000000000000000e0
0.000000000000000000e0
0.000000000000000000e0
0.000000000000000000e0
0.000000000000000000e0
-6.640673997719618171e1
0.000000000000000000e0
-7.438842526302481417e1
0.000000000000000000e0
-7.538706241842892553e1
0.000000000000000000e0
-7.696557864597542675e1
0.000000000000000000e0
-9.172940597573760613e1
0.000000000000000000e0
-8.895260663906199738e1
0.000000000000000000e0
-7.829375961361262171e1
0.000000000000000000e0
-7.958808177795539507e1
0.000000000000000000e0
-7.768634085271268930e1
0.000000000000000000e0
-7.366124836080243199e1
0.000000000000000000e0
-7.816868496921091491e1
0.000000000000000000e0
-8.074471080739783702e1
0.000000000000000000e0
-7.973824705664384282e1
0.000000000000000000e0
-9.418646077200784816e1
0.000000000000000000e0
-1.000830933181265436e2
0.000000000000000000e0
-8.742992569918742163e1
0.000000000000000000e0
-8.369108493720015929e1
0.000000000000000000e0
-8.093757612732065354e1
0.000000000000000000e0
-6.973620606445520309e1
0.000000000000000000e0
-6.770467064302397375e1
0.000000000000000000e0
-8.006573194023572171e1
0.000000000000000000e0
-8.718267304397352291e1
0.000000000000000000e0
-7.517021381571728966e1
0.000000000000000000e0
-6.828444136554574584e1
0.000000000000000000e0
-7.430417465322540238e1
0.000000000000000000e0
-7.193520556159037938e1
0.000000000000000000e0
-7.023872942153157339e1
0.000000000000000000e0
-7.650869832634143108e1
0.000000000000000000e0
-9.513434997095812662e1
0.000000000000000000e0
-1.017724304540511042e2
0.000000000000000000e0
-8.892977123690829444e1
0.000000000000000000e0
-8.397278290972364800e1
0.000000000000000000e0
-8.764755889192264249e1
0.000000000000000000e0
-8.597018683034640674e1
0.000000000000000000e0
-8.432359714584053734e1
0.000000000000000000e0
-7.739117569084842785e1
0.000000000000000000e0
-8.088771538841280062e1
0.000000000000000000e0
-1.123796509956957550e2
0.000000000000000000e0
-8.048696605631717205e1
0.000000000000000000e0
-7.553727537484954269e1
0.000000000000000000e0
-8.292529640589148698e1
0.000000000000000000e0
-9.449683003622543254e1
0.000000000000000000e0
-8.580338957415510492e1
0.000000000000000000e0
-8.782225896584120051e1
0.000000000000000000e0
-8.294896996007742018e1
0.000000000000000000e0
-1.057201323695250181e2
0.000000000000000000e0
-8.010821483766471829e1
0.000000000000000000e0
-8.737925777841817876e1
0.000000000000000000e0
-8.989704784094686829e1
0.000000000000000000e0
-9.921871731943569728e1
0.000000000000000000e0
-8.587130844191958090e1
0.000000000000000000e0
-5.880773558005489576e1
0.000000000000000000e0
-6.494303892283961943e1
0.000000000000000000e0
-6.825344908142270128e1
0.000000000000000000e0
-7.062957964165576641e1
0.000000000000000000e0
-7.342261541119576407e1
0.000000000000000000e0
-7.001073102970886453e1
0.000000000000000000e0
-9.002892767178288125e1
0.000000000000000000e0
-9.208875398459781536e1
0.000000000000000000e0
-6.943046363512154073e1
0.000000000000000000e0
-1.541995060300075693e2
0.000000000000000000e0
-1.694067594930953646e2
0.000000000000000000e0
-1.646381920533149810e2
0.000000000000000000e0
-1.606316360614607390e2
0.000000000000000000e0
-1.812539423256970110e2
0.000000000000000000e0
-1.738321492572836178e2
0.000000000000000000e0
-1.318521348711851715e2
0.000000000000000000e0
-1.653205336303264517e2
0.000000000000000000e0
-1.864353869187630721e2
0.000000000000000000e0
-1.582308913613609036e2
0.000000000000000000e0
-1.553653262845619167e2
0.000000000000000000e0
-1.572667570983161056e2
0.000000000000000000e0
-1.508045330940367421e2
0.000000000000000000e0
-1.952098563715275077e2
0.000000000000000000e0
-1.751688344580564660e2
0.000000000000000000e0
-1.427652274489853426e2
0.000000000000000000e0
-1.443132127992132610e2
0.000000000000000000e0
-1.916087163954202595e2
0.000000000000000000e0
-1.419762263007505112e2
0.000000000000000000e0
-1.946880998235455138e2
0.000000000000000000e0
-1.447147076404819757e2
0.000000000000000000e0
-2.050900814737248936e2
0.000000000000000000e0
-1.733474820261413925e2
0.000000000000000000e0
-1.524406706642854203e2
0.000000000000000000e0
-1.474452263951905024e2
0.000000000000000000e0
-1.353189911235307363e2
0.000000000000000000e0
-2.031986465446950092e2
0.000000000000000000e0
-1.659596905987101536e2
0.000000000000000000e0
-1.612650017952024939e2
0.000000000000000000e0
-1.645457962557791802e2
0.000000000000000000e0
-1.575843293370099616e2
0.000000000000000000e0
-2.104498291415115716e2
0.000000000000000000e0
-1.469113859819929075e2
0.000000000000000000e0
-1.310987648158268257e2
0.000000000000000000e0
-1.707245651948279033e2
0.000000000000000000e0
-1.746289390161579149e2
0.000000000000000000e0
-2.149332193208529702e2
0.000000000000000000e0
-1.755943617528367326e2
0.000000000000000000e0
-1.441846728218068563e2
0.000000000000000000e0
-1.726463380677384976e2
0.000000000000000000e0
-1.586991254367873125e2
0.000000000000000000e0
-1.405216258881844169e2
0.000000000000000000e0
-1.464992923873290920e2
0.000000000000000000e0
-1.694274306630635181e2
0.000000000000000000e0
-1.609098658876294508e2
0.000000000000000000e0
-1.690993449515292752e2
0.000000000000000000e0
-1.825353470155437776e2
0.000000000000000000e0
-1.665367332095375730e2
0.000000000000000000e0
-1.637411854783956642e2
0.000000000000000000e0
-1.636214451385843915e2
0.000000000000000000e0
-1.785219755681341383e2
0.000000000000000000e0
-1.611163410667031144e2
0.000000000000000000e0
-1.618403587118607447e2
0.000000000000000000e0
-1.605757034249116089e2
0.000000000000000000e0
-1.666192141502685331e2
0.000000000000000000e0
-1.597239919064344349e2
0.000000000000000000e0
-1.439504698084539314e2
0.000000000000000000e0
-1.571617610886652017e2
0.000000000000000000e0
-1.696569887116536393e2
0.000000000000000000e0
-1.986841583832584206e2
0.000000000000000000e0
-1.495626145599068479e2
0.000000000000000000e0
-1.757993994851900368e2
0.000000000000000000e0
-1.783866982289716248e2
0.000000000000000000e0
-1.407062592992853070e2
0.000000000000000000e0
-1.566630273431676130e2
0.000000000000000000e0
-2.026742249399324862e2
0.000000000000000000e0
-1.557749235305876141e2
0.000000000000000000e0
-1.712121550047588698e2
0.000000000000000000e0
-1.635029661230234410e2
0.000000000000000000e0
-1.593695307548103983e2
0.000000000000000000e0
-1.622584967782406693e2
0.000000000000000000e0
-1.625890231246252995e2
0.000000000000000000e0
-1.641698912750080694e2
0.000000000000000000e0
-1.644658240292172877e2
0.000000000000000000e0
-1.595108595297433283e2
0.000000000000000000e0
-1.656631681050694453e2
0.000000000000000000e0
-1.521492030179817618e2
0.000000000000000000e0
-1.704990742083055864e2
0.000000000000000000e0
-1.649043638653896267e2
0.000000000000000000e0
-1.552550269660075060e2
0.000000000000000000e0
-1.531405653565887235e2
0.000000000000000000e0
-1.482682405309055582e2
0.000000000000000000e0
-1.735649293503510364e2
0.000000000000000000e0
-1.431745624919846591e2
0.000000000000000000e0
-1.315827846677572381e2
0.000000000000000000e0
-1.577433424968896247e2
0.000000000000000000e0
-1.739507459406392513e2
0.000000000000000000e0
-1.560099534152689671e2
0.000000000000000000e0
-1.626343598293068453e2
0.000000000000000000e0
-1.629386953347316478e2
0.000000000000000000e0
-1.729908972261474673e2
0.000000000000000000e0
-1.539796341637716921e2
0.000000000000000000e0
-1.502022478289928245e2
0.000000000000000000e0
-1.453792112407382717e2
0.000000000000000000e0
-1.850808372842651579e2
0.000000000000000000e0
-1.630729603439684183e2
0.000000000000000000e0
-1.487776028256529344e2
0.000000000000000000e0
-1.250291722456817638e2
0.000000000000000000e0
-1.318554262714961567e2
0.000000000000000000e0
-1.318963717704034480e2
0.000000000000000000e0
-1.952422669471175141e2
0.000000000000000000e0
-1.553852667166200376e2
0.000000000000000000e0
-1.671782854960642339e2
0.000000000000000000e0
-1.601740014442663949e2
0.000000000000000000e0
-1.546038221325874815e2
0.000000000000000000e0
-1.452762896449853542e2
0.000000000000000000e0
-1.566438491126559711e2
0.000000000000000000e0
-1.590930596676614925e2
0.000000000000000000e0
-1.893327274002565446e2
0.000000000000000000e0
-2.098515281395832517e2
0.000000000000000000e0
-1.460522136297044256e2
0.000000000000000000e0
-1.703733293666169288e2
0.000000000000000000e0
-1.471455203613011520e2
0.000000000000000000e0
-1.799484056973895463e2
0.000000000000000000e0
-1.466668466963285198e2
0.000000000000000000e0
-1.536845501859895933e2
0.000000000000000000e0
-1.510909235362878746e2
0.000000000000000000e0
-1.469529437117481052e2
0.000000000000000000e0
-1.705798458383013099e2
0.000000000000000000e0
-1.514456730931831601e2
0.000000000000000000e0
-1.514961563281846963e2
0.000000000000000000e0
-1.368671493125604286e2
0.000000000000000000e0
-1.688022610507102286e2
0.000000000000000000e0
-1.474819117742204071e2
0.000000000000000000e0
-1.669033669000581881e2
0.000000000000000000e0
-1.490428653299448456e2
0.000000000000000000e0
-1.503502436869200096e2
0.000000000000000000e0
-2.016232588674260455e2
0.000000000000000000e0
-1.489352101075550365e2
0.000000000000000000e0
-1.465311640155942712e2
0.000000000000000000e0
-1.722536843543101668e2
0.000000000000000000e0
-1.443110582044712373e2
0.000000000000000000e0
-1.767338504858229555e2
0.000000000000000000e0
-1.360462821739575077e2
0.000000000000000000e0
-1.513401658692496596e2
0.000000000000000000e0
-1.488407483264284110e2
0.000000000000000000e0
-1.376185244285072145e2
0.000000000000000000e0
-1.736748171014906745e2
0.000000000000000000e0
-1.458367281989865489e2
0.000000000000000000e0
-1.550052417171949060e2
0.000000000000000000e0
-1.764899595289922445e2
0.000000000000000000e0
-1.511644676309977342e2
0.000000000000000000e0
-1.644362143421150790e2
0.000000000000000000e0
-1.626516686031417578e2
0.000000000000000000e0
-1.818932010826936505e2
0.000000000000000000e0
-1.725817828012819746e2
0.000000000000000000e0
-1.388262730499911584e2
0.000000000000000000e0
-1.831432341007436548e2
0.000000000000000000e0
-1.660995490360934070e2
0.000000000000000000e0
-1.712432244908646908e2
0.000000000000000000e0
-1.916862062497837940e2
0.000000000000000000e0
-1.664414694801056669e2
0.000000000000000000e0
-1.481784716344322987e2
0.000000000000000000e0
-1.681797762011060513e2
0.000000000000000000e0
-1.439602835395735951e2
0.000000000000000000e0
-1.409172747145611595e2
0.000000000000000000e0
-1.788992120442244982e2
0.000000000000000000e0
-1.877160971933492704e2
0.000000000000000000e0
-1.743533954227249865e2
0.000000000000000000e0
-1.493246985968250158e2
0.000000000000000000e0
-1.428718727237818200e2
0.000000000000000000e0
-1.494149835635951149e2
0.000000000000000000e0
-2.015161618158361136e2
0.000000000000000000e0
-1.593839224040151805e2
0.000000000000000000e0
-1.596693189463782119e2
0.000000000000000000e0
-1.489581842806544500e2
0.000000000000000000e0
-1.543152270339220138e2
0.000000000000000000e0
-1.565773049624623638e2
0.000000000000000000e0
-1.801751332691446237e2
0.000000000000000000e0
-1.653671181762909441e2
0.000000000000000000e0
-1.819898781808240926e2
0.000000000000000000e0
-1.470085188719921518e2
0.000000000000000000e0
-1.544632318172051839e2
0.000000000000000000e0
-1.654819174179973800e2
0.000000000000000000e0
-2.111295088103615569e2
0.000000000000000000e0
-1.567142706759200905e2
0.000000000000000000e0
-1.518877824518401951e2
0.000000000000000000e0
-1.614424418347306016e2
0.000000000000000000e0
-1.469027708985528875e2
0.000000000000000000e0
-1.544943807273262166e2
0.000000000000000000e0
-1.559030412888269836e2
0.000000000000000000e0
-1.708680517489344197e2
0.000000000000000000e0
-1.501287269264787483e2
0.000000000000000000e0
-2.118889781321509247e2
0.000000000000000000e0
-1.701264428582784944e2
0.000000000000000000e0
-1.875909340741877145e2
0.000000000000000000e0
-1.529019861893425229e2
0.000000000000000000e0
-1.519656014930746437e2
0.000000000000000000e0
-1.681564702993215690e2
0.000000000000000000e0
-1.644263042822385330e2
0.000000000000000000e0
-1.593749788883633016e2
0.000000000000000000e0
-1.689613311227134318e2
0.000000000000000000e0
-1.632745029655151257e2
0.000000000000000000e0
-1.438630338504570148e2
0.000000000000000000e0
-1.370510329203733022e2
0.000000000000000000e0
-1.716009903973773305e2
0.000000000000000000e0
-1.555233216532368203e2
0.000000000000000000e0
-1.563694970988484556e2
0.000000000000000000e0
-1.717847652404770145e2
0.000000000000000000e0
-1.336753386647201864e2
0.000000000000000000e0
-1.380832192112547432e2
0.000000000000000000e0
-1.365503287313919998e2
0.000000000000000000e0
-1.436552422902894079e2
0.000000000000000000e0
-1.436942870080347632e2
0.000000000000000000e0
-1.499957344722376718e2
0.000000000000000000e0
-1.380095960576540790e2
0.000000000000000000e0
-1.674348283481802753e2
0.000000000000000000e0
-1.781099371706309284e2
0.000000000000000000e0
-1.928122364155631203e2
0.000000000000000000e0
-1.251994690316543313e2
0.000000000000000000e0
-1.787687413780762995e2
0.000000000000000000e0
-1.681126143265709345e2
0.000000000000000000e0
-1.492890213717243455e2
0.000000000000000000e0
-1.621155110096151475e2
0.000000000000000000e0
-1.668916629337848860e2
0.000000000000000000e0
-1.649834381832955614e2
0.000000000000000000e0
-1.460266200427329295e2
0.000000000000000000e0
-1.528579978668109618e2
0.000000000000000000e0
-1.479620370722221310e2
0.000000000000000000e0
-1.373863709930475352e2
0.000000000000000000e0
-1.550034225338175418e2
0.000000000000000000e0
-1.622969787726930804e2
0.000000000000000000e0
-1.422851088882694057e2
0.000000000000000000e0
-1.142993284950143362e2
0.000000000000000000e0
-1.540727993791073231e2
0.000000000000000000e0
-1.448891419353820709e2
0.000000000000000000e0
-1.323281417050924063e2
0.000000000000000000e0
-1.425811354877615145e2
0.000000000000000000e0
-1.074658559145104135e2
0.000000000000000000e0
-1.436540567021273205e2
0.000000000000000000e0
-1.216019592598468790e2
0.000000000000000000e0
-1.169228331645506529e2
0.000000000000000000e0
-1.433243869337146634e2
0.000000000000000000e0
-1.012411266801144478e2
0.000000000000000000e0
-1.149409549681019769e2
0.000000000000000000e0
-1.414814030532040192e2
0.000000000000000000e0
-1.130503307466497063e2
0.000000000000000000e0
-1.207680304434727674e2
0.000000000000000000e0
-1.401958165849954696e2
0.000000000000000000e0
-1.364951340645837092e2
0.000000000000000000e0
-1.334433731794682103e2
0.000000000000000000e0
-1.036979296231761793e2
0.000000000000000000e0
-1.225872146029211365e2
0.000000000000000000e0
-1.250220865209193590e2
0.000000000000000000e0
-1.044443501588483656e2
0.000000000000000000e0
-1.027286682370443032e2
0.000000000000000000e0
-1.081973387955264627e2
0.000000000000000000e0
-1.011079198110326729e2
0.000000000000000000e0
-1.105537711755789729e2
0.000000000000000000e0
-1.030255380282648048e2
0.000000000000000000e0
-1.119229598155082215e2
0.000000000000000000e0
-1.124393015703935390e2
0.000000000000000000e0
-1.281663141454047263e2
0.000000000000000000e0
-1.319338747730458863e2
0.000000000000000000e0
-1.304683404919808254e2
0.000000000000000000e0
-9.892100109324188395e1
0.000000000000000000e0
-9.322635325537854101e1
0.000000000000000000e0
-1.273042271507760148e2
0.000000000000000000e0
-1.085394513361642339e2
0.000000000000000000e0
-1.060977433421819569e2
0.000000000000000000e0
-1.111629753683480146e2
0.000000000000000000e0
-1.039049284572024732e2
0.000000000000000000e0
-1.055913872866442489e2
0.000000000000000000e0
-1.221910383646581835e2
0.000000000000000000e0
-9.805856431745135637e1
0.000000000000000000e0
-9.895544424491791347e1
0.000000000000000000e0
-1.026943262902303644e2
0.000000000000000000e0
-1.111734295921913116e2
0.000000000000000000e0
-1.137955107824544569e2
0.000000000000000000e0
-1.003267867747131703e2
0.000000000000000000e0
-9.416516030037054463e1
0.000000000000000000e0
-1.147340902321731164e2
0.000000000000000000e0
-9.834670876444192800e1
